return {
		["Soldier [Lv. 1]"] = CFrame.new(-1938.18457, 49.9883041, -4597.50195, 0, 0, -1, 0, 1, 0, 1, 0, 0),
		["Clown Pirate [Lv. 10]"] = CFrame.new(-1747.89148, 49.1992416, -4372.14648, -0.614043832, 0, -0.789271951, 0, 1, 0, 0.789271951, 0, -0.614043832),
		["Smoky [Lv. 20]"] = CFrame.new(-2110.60718, 49.6204491, -4798.14062, -1, 0, 0, 0, 1, 0, 0, 0, -1),
		["Tashi [Lv. 30]"] = CFrame.new(-2355.4856, 49.9883041, -4561.21289, -1, 0, 0, 0, 1, 0, 0, 0, -1),
		["Elite Zombie [Lv. 1550]"] = CFrame.new(-2789.22583, 15.8071957, 3992.1416, 0.876517415, -0, -0.481370181, 0, 1, -0, 0.481370181, 0, 0.876517415),
		["Zombie [Lv. 1500]"] = CFrame.new(-2651.12183, 15.8724337, 4063.79907, -0.481315136, 0, -0.876547575, 0, 1, 0, 0.876547575, 0, -0.481315136),
		["Revenant [Lv. 1600]"] = CFrame.new(-2931.4707, 20.1082973, 4209.03027, -0.876517773, 0, 0.481370181, 0, 1, 0, -0.481370181, 0, -0.876517773),
		["Shadow Master [Lv. 1650]"] = CFrame.new(-2762.20312, 20.1082973, 4362.58691, 0.481315196, 0, 0.876547575, 0, 1, 0, -0.876547575, 0, 0.481315196),
		["Commander [Lv. 100]"] = CFrame.new(-2228.49927, 49.1775322, -2641.9812, -0.999992132, 0, 0.00397080462, 0, 1, 0, -0.00397080462, 0, -0.999992132),
		["The Barbaric [Lv. 145]"] = CFrame.new(-2354.20703, 102.871887, -2477.68677, 0.396801293, 0, 0.917904556, 0, 1, 0, -0.917904556, 0, 0.396801293),
		["Captain [Lv. 120]"] = CFrame.new(-2194.55103, 49.1591415, -2466.27295, 0.917908311, -0, -0.39679262, 0, 1, -0, 0.39679262, 0, 0.917908311),
		["Clown Swordman [Lv. 50]"] = CFrame.new(-871.928162, 51.382988, -3468.08374, 0.613133192, -0, -0.789979577, 0, 1, -0, 0.789979577, 0, 0.613133192),
		["The Clown [Lv. 75]"] = CFrame.new(-456.58371, 73.724205, -3542.24292, -0.613133192, 0, 0.789979577, 0, 1, 0, -0.789979577, 0, -0.613133192),
		["Desert Marauder [Lv. 675]"] = CFrame.new(-2694.6438, 41.3204842, -601.154602, -0.146888629, 0, 0.989153206, 0, 1, 0, -0.989153206, 0, -0.146888629),
		["Sand Bandit [Lv. 575]"] = CFrame.new(-2918.80225, 41.3095436, -744.920288, 0.669109941, -0, -0.743163466, 0, 1, -0, 0.743163466, 0, 0.669109941),
		["Bomb Man [Lv. 625]"] = CFrame.new(-3061.60352, 92.1220322, -639.511353, 0.0228189845, 0, -0.999739647, 0, 1, 0, 0.999739766, 0, 0.0228189826),
		["Candle Man [Lv. 525]"] = CFrame.new(-2929.52002, 92.1304169, -493.22229, 0.985171437, -0, -0.171572819, 0, 1, -0, 0.171572819, 0, 0.985171437),
		["King of Sand [Lv. 725]"] = CFrame.new(-3088.7334, 96.9583893, -481.598022, 0.669109941, -0, -0.743163466, 0, 1, -0, 0.743163466, 0, 0.669109941),
		["Soldier Fishman [Lv. 2150]"] = CFrame.new(-1743.89148, 44.9945412, 6607.4873, 0.25875926, 0, 0.965941846, 0, 1, 0, -0.965941846, 0, 0.25875926),
		["Fishman [Lv. 2000]"] = CFrame.new(-1577.39526, 40.4922066, 6125.9209, -0.866007447, 0, 0.500031352, 0, 1, 0, -0.500031412, 0, -0.866007328),
		["Seasoned Fishman [Lv. 2200]"] = CFrame.new(-1865.43445, 45.2734604, 6722.85107, 0.965929627, 0, -0.258804768, 0, 1, 0, 0.258804798, 0, 0.965929568),
		["Combat Fishman [Lv. 2050]"] = CFrame.new(-1959.18079, 40.4917526, 6149.45801, -0.222916365, 0, -0.974837601, 0, 1, 0, 0.974837601, 0, -0.222916365),
		["Sword Fishman [Lv. 2100]"] = CFrame.new(-1502.49609, 40.4917488, 6698.15723, 0.866007268, -0, -0.500031412, 0, 1, -0, 0.500031412, 0, 0.866007268),
		["High-class Soldier [Lv. 1050]"] = CFrame.new(1528.86011, 17.8554668, 850.628357, 0.743457139, 0, 0.668783784, 0, 1, 0, -0.668783784, 0, 0.743457198),
		["Elite Soldier [Lv. 1000]"] = CFrame.new(1658.59839, 17.8554668, 876.416443, -0.590721786, 0, -0.806875169, 0, 1, 0, 0.806875169, 0, -0.590721786),
		["Pasta [Lv. 1150]"] = CFrame.new(1852.99268, 43.740715, 874.354553, 0.359550685, 0, 0.933125973, 0, 1, 0, -0.933125973, 0, 0.359550685),
		["Leader [Lv. 1100]"] = CFrame.new(1686.62683, 17.8557377, 737.273499, -0.806858182, 0, 0.59074682, 0, 1, 0, -0.59074676, 0, -0.806858301),
		["Minion"] = CFrame.new(1845.797, 43.6974335, 989.163025, -0.138637424, 0, 0.990343153, 0, 1, 0, -0.990343153, 0, -0.138637424),
		["Boss"] = CFrame.new(1872.797, 45.6248779, 954.163025, 0.55750668, 0, 0.830172479, 0, 1, 0, -0.830172479, 0, 0.55750668),
		["Cutlass Pirate [Lv. 1750]"] = CFrame.new(2076.62598, 7.95052242, -2040.71191, 0.392051369, 0, -0.919943869, 0, 1, 0, 0.919943929, 0, 0.392051369),
		["Rear Admiral [Lv. 1800]"] = CFrame.new(2331.73755, 55.0576286, -2167.06934, -1, 0, 0, 0, 1, 0, 0, 0, -1),
		["New World Pirate [Lv. 1700]"] = CFrame.new(2328.94263, 55.0575752, -1729.4364, -0.963031292, 0, -0.26938957, 0, 1, 0, 0.26938957, 0, -0.963031292),
		["True Karate Fishman [Lv. 1850]"] = CFrame.new(2333.49634, 55.0575981, -1937.72095, 0, 0, 1, 0, 1, -0, -1, 0, 0),
		["Quake Woman [Lv. 1925]"] = CFrame.new(2177.84839, 6.3174305, -1931.75208, -0.00341546535, 0, 0.999994159, 0, 1, 0, -0.999994159, 0, -0.00341546535),
		["Sky Soldier [Lv. 800]"] = CFrame.new(-4239.25098, 383.627625, 1324.44775, -0.944315553, 0, 0.329042405, 0, 1, 0, -0.329042405, 0, -0.944315553),
		["Cloud Warrior [Lv. 900]"] = CFrame.new(-4516.74707, 383.628296, 1355.80933, 0.799218535, -0, -0.601040542, 0, 1, -0, 0.601040542, 0, 0.799218535),
		["Ball Man [Lv. 850]"] = CFrame.new(-4863.36768, 441.400879, 1335.09753, 0.998014569, -0, -0.062983796, 0, 1, -0, 0.062983796, 0, 0.998014569),
		["Rumble Man [Lv. 950]"] = CFrame.new(-4816.02148, 441.399323, 1197.22339, -0.664600611, 0, -0.747198939, 0, 1, 0, 0.747198939, 0, -0.664600611),
		["Trainer Chef [Lv. 250]"] = CFrame.new(-4283.79883, 15.2736998, -3186.98193, 0.8819893, -0, -0.471269488, 0, 1, -0, 0.471269488, 0, 0.8819893),
		["Dory [Lv. 350]"] = CFrame.new(-4378.0376, 15.2898245, -2592.63477, 0.795978308, 0, -0.60532546, 0, 1, 0, 0.60532546, 0, 0.795978248),
		["Dark Leg [Lv. 300]"] = CFrame.new(-4235.36719, 18.0044079, -2860.39014, 0.880348146, -0, -0.47432813, 0, 1, -0, 0.47432813, 0, 0.880348146),
		["Fighter Fishman [Lv. 180]"] = CFrame.new(-822.877319, 23.0661411, -1519.73474, -0.953755021, 0, 0.300585002, 0, 1, 0, -0.300585002, 0, -0.953755021),
		["Karate Fishman [Lv. 200]"] = CFrame.new(-889.472412, 23.0661411, -1526.54822, -0.667140841, 0, -0.744931638, 0, 1, 0, 0.744931638, 0, -0.667140841),
		["Shark Man [Lv. 230]"] = CFrame.new(-615.809021, 24.8977966, -1574.07483, 0.58861047, 0, 0.808416784, 0, 1, 0, -0.808416784, 0, 0.58861047),
		["Naval personnel [Lv. 1200]"] = CFrame.new(-1311.34045, 20.9497528, 2222.91309, -1, 0, 0, 0, 1, 0, 0, 0, -1),
		["Naval soldier [Lv. 1400]"] = CFrame.new(-1352.56116, 7.65845919, 2566.44458, 1, 0, 0, 0, 1, 0, 0, 0, 1),
		["Nautical soldier [Lv. 1350]"] = CFrame.new(-1081.04932, 20.9442577, 2173.31152, -0.999991417, 0, -0.00414344762, 0, 1, 0, 0.00414344762, 0, -0.999991417),
		["Leo [Lv. 1450]"] = CFrame.new(-1161.16113, 7.65845919, 2519.49658, 0, 0, 1, 0, 1, -0, -1, 0, 0),
		["Giraffe [Lv. 1300]"] = CFrame.new(-1081.19861, 20.9497566, 2056.34912, 0, 0, 1, 0, 1, -0, -1, 0, 0),
		["Wolf [Lv. 1250]"] = CFrame.new(-1418.70764, 20.9497547, 2107.16064, 0, 0, -1, 0, 1, 0, 1, 0, 0),
		["Snow Soldier [Lv. 400]"] = CFrame.new(-5425.90576, 28.9225521, -1190.73608, 0.631957054, 0.000152036344, -0.775003374, -3.91563663e-06, 1, 0.000192982174, 0.775003374, -0.000118921809, 0.631957054),
		["King Snow [Lv. 450]"] = CFrame.new(-5420.73486, 28.9310017, -1512.58521, -0.997069001, 0, 0.0765115097, 0, 1, 0, -0.0765115097, 0, -0.997069001),
		["Little Dear [Lv. 500]"] = CFrame.new(-5318.77051, 21.3643284, -1105.60718, 0.750579536, 0, 0.660780132, 0, 1, 0, -0.660780132, 0, 0.750579536),
		["Gazelle Man [Lv. 2350]"] = CFrame.new(-4352.5293, 57.4362717, 351.498688, 0.515122414, 0, -0.857116818, 0, 1, 0, 0.857116818, 0, 0.515122414),
		["Beast Swordman [Lv. 2300]"] = CFrame.new(-4071.53516, 98.5303879, -363.117371, 0.0704936981, -0, -0.997512221, 0, 1, -0, 0.997512221, 0, 0.0704936981),
		["Beast Pirate [Lv. 2250]"] = CFrame.new(-4083.30859, 57.4468498, 62.3574524, 0.972028613, 0, 0.234862581, 0, 1, 0, -0.234862581, 0, 0.972028613),
		["Elite Skeleton [Lv. 3100]"] = CFrame.new(-5892.70898, 98.6613922, 7244.94385, 1, 0, 0, 0, 1, 0, 0, 0, 1),
		["Bear Man [Lv. 2750]"] = CFrame.new(-4407.75146, 29.352726, 912.104736, -0.731005847, 0, 0.682372808, 0, 1, 0, -0.682372808, 0, -0.731005847),
		["Bean [Lv. 2800]"] = CFrame.new(-4097.95703, 29.3527241, 1068.71606, -0.0390424803, 0, 0.999237835, 0, 1, 0, -0.999237835, 0, -0.0390424803),
		["Magician [Lv. 2600]"] = CFrame.new(-4921.67725, 57.4362717, -133.051682, -0.933304012, 0, -0.359086961, 0, 1, 0, 0.359086961, 0, -0.933304012),
		["Powerful Beast Pirate [Lv. 2450]"] = CFrame.new(-4656.84229, 135.983505, -677.437805, 0.996259332, 0, 0.0864137262, 0, 1, 0, -0.0864137262, 0, 0.996259332),
		["Bandit Beast Pirate [Lv. 2400]"] = CFrame.new(-4454.60742, 135.991943, -990.836426, 0.97968632, 0, -0.200535655, 0, 1, 0, 0.200535655, 0, 0.97968632),
		["Violet Samurai [Lv. 2500]"] = CFrame.new(-5115.22021, 85.7235947, -1014.93927, -0.99116385, 0, -0.132641897, 0, 1, 0, 0.132641897, 0, -0.99116385),
		["Duke [Lv. 2550]"] = CFrame.new(-5516.89014, 99.888176, -270.133698, -1, 0, 0, 0, 1, 0, 0, 0, -1),
		["Kitsune Samurai [Lv. 2650]"] = CFrame.new(-5503.09033, 100.305733, 39.4565315, 0, 0, -1, 0, 1, 0, 1, 0, 0),
		["Meji [Lv. 2850]"] = CFrame.new(-5363.93506, 57.4320679, 1086.57812, 1, 0, 0, 0, 1, 0, 0, 0, 1),
		["Petra [Lv. 2900]"] = CFrame.new(-5738.5542, 57.4320679, 1245.74536, 0.00341540575, -0, -0.999994159, 0, 1, -0, 0.999994159, 0, 0.00341540575),
		["Elite Beast Pirate [Lv. 2700]"] = CFrame.new(-4619.33838, 29.3027363, 1237.81311, -0.887911141, 0, 0.460017413, 0, 1, 0, -0.460017413, 0, -0.887911141),
		["Kappa [Lv. 2950]"] = CFrame.new(-4845.67432, 57.4362717, 2008.89441, -0.999994159, 0, -0.00336655322, 0, 1, 0, 0.00336655322, 0, -0.999994159),
		["Dragon [Lv. 5000]"] = CFrame.new(-5876.89258, 452.774353, 7665.27246, 0.902560592, 0, 0.430562854, 0, 1, 0, -0.430562854, 0, 0.902560592),
		["Joey [Lv. 3000]"] = CFrame.new(-5198.30566, 57.4362717, 2060.62207, 0, 0, -1, 0, 1, 0, 1, 0, 0),
		["Minion"] = CFrame.new(-5796.11719, 86.2090912, 893.690979, -0.960622549, 0, 0.277856469, 0, 1, 0, -0.277856469, 0, -0.960622549),
		["Boss"] = CFrame.new(-5808.00928, 88.0514832, 906.396606, 0.483159244, -0.000966370862, -0.875531971, 0.000966370862, 0.999999344, -0.000570463715, 0.875531971, -0.000570463715, 0.4831599),
		["Dough Master [Lv. 3275]"] = CFrame.new(30326.0762, 24.8858681, 93404.9062, 0.964679062, 0, 0.263428092, 0, 1, 0, -0.263428092, 0, 0.964679062),
		["Azlan [Lv. 3300]"] = CFrame.new(-809.533447, 56.9929924, -2709.21802, 0.498836577, -0, -0.86669606, 0, 1, -0, 0.86669606, 0, 0.498836577),
		["The Volcano [Lv. 3325]"] = CFrame.new(-70.0344467, 130.43222, -3565.27393, 0.668266773, -0, -0.743921757, 0, 1, -0, 0.743921757, 0, 0.668266773),
		["Vice Admiral [Lv. 3500]"] = CFrame.new(-9949.1416, 37.9372559, 601.663147, -0.999625921, 0, -0.0273615234, 0, 1, 0, 0.0273615234, 0, -0.999625921),
		["Pondere [Lv. 3525]"] = CFrame.new(-10077.7842, 37.828701, 1411.36133, 0.69566083, -0, -0.718370378, 0, 1, -0, 0.718370378, 0, 0.69566083),
		["Fiore Fighter [Lv. 3625]"] = CFrame.new(5282.61816, 71.8926849, -2491.41064, -0.407749772, 0, -0.913094103, 0, 1, 0, 0.913094103, 0, -0.407749772),
		["Fiore Gladiator [Lv. 3600]"] = CFrame.new(5224.81348, 71.8926849, -2852.61426, 0.368119061, -0, -0.929778576, 0, 1, -0, 0.929778576, 0, 0.368119061),
		["Fiore Pirate [Lv. 3650]"] = CFrame.new(5995.33691, 71.8926849, -3129.45215, -0.640278697, 0, -0.768143177, 0, 1, 0, 0.768143177, 0, -0.640278697),
		["Lomeo [Lv. 3675]"] = CFrame.new(6623.50488, 73.1001358, -2153.8457, -0.100727081, 0, 0.994914114, 0, 1, 0, -0.994914114, 0, -0.100727081),
		["Devastate [Lv. 3725]"] = CFrame.new(7425.17529, 81.5684357, -2543.26416, 0.396896064, 0, 0.917863548, 0, 1, 0, -0.917863548, 0, 0.396896064),
		["Floffy [Lv. 3775]"] = CFrame.new(7897.11963, 452.951691, -2397.4585, 0.907340109, 0, 0.420397371, 0, 1, 0, -0.420397371, 0, 0.907340109),
		["Prince Aria [Lv. 3700]"] = CFrame.new(6859.66699, 150.065475, -3715.26245, -0.933587909, 0, -0.358349502, 0, 1, 0, 0.358349502, 0, -0.933587909),
		["Physicus [Lv. 3750]"] = CFrame.new(8017.04639, 178.497406, -4311.56934, -0.982889652, 0, 0.184195086, 0, 1, 0, -0.184195086, 0, -0.982889652),
		["Dead Troupe [Lv. 3800]"] = CFrame.new(9514.68359, 71.9882507, -4183.10107, 0.980187833, 0, 0.198070183, 0, 1, 0, -0.198070183, 0, 0.980187833),
		["Ryu [Lv. 3975]"] = CFrame.new(9953.72266, 71.9659195, -4682.64795, -0.147114038, 0, 0.989119589, 0, 1, 0, -0.989119589, 0, -0.147114038),
		["Dead Troupe Captain [Lv. 3850]"] = CFrame.new(10242.4277, 71.9659195, -4124.33643, -0.824617147, 0, 0.565691829, 0, 1, 0, -0.565691829, 0, -0.824617147),
		["Skull Pirate [Lv. 3050]"] = CFrame.new(-6375.71387, 58.2057152, 6227.89355, -0.440631479, 0, -0.897687972, 0, 1, 0, 0.897687972, 0, -0.440631479),
		["Hefty [Lv. 3550]"] = CFrame.new(-10793.5664, 83.411087, 968.418335, 0, 0, -1, 0, 1, 0, 1, 0, 0),
		["Dark Beard Servant [Lv. 3400]"] = CFrame.new(-9253.66113, 59.3366013, -4593.94824, 1, 0, 0, 0, 1, 0, 0, 0, 1),
		["Supreme Swordman [Lv. 3425]"] = CFrame.new(-9682.13965, 59.3449936, -4557.25195, 1, 0, 0, 0, 1, 0, 0, 0, 1),
		["Sally [Lv. 3450]"] = CFrame.new(-9598.53613, 59.371769, -5271.25391, 0, 0, -1, 0, 1, 0, 1, 0, 0),
		["Anubis [Lv. 3150]"] = CFrame.new(2107.67383, 18.1082363, 961.752563, -0.981289029, 0, 0.192540601, 0, 1, 0, -0.192540601, 0, -0.981289029),
		["Desert Thief [Lv. 3125]"] = CFrame.new(1386.36902, 14.566987, 1431.29907, 0.946567714, 0, 0.322505146, 0, 1, 0, -0.322505146, 0, 0.946567714),
		["Flame User [Lv. 3200]"] = CFrame.new(2031.16675, 14.5540771, 1354.40967, -0.0956259966, 0, 0.995417356, 0, 1, 0, -0.995417356, 0, -0.0956259966),
		["Pharaoh [Lv. 3175]"] = CFrame.new(1886.95374, 52.4840164, 1713.79773, 0.576146007, -0, -0.817346811, 0, 1, -0, 0.817346811, 0, 0.576146007),
		["Wilderness Gorilla [Lv. 4325]"] = CFrame.new(4713.2915, 45.9615059, 10027.7393, 0.227107644, -0, -0.973869681, 0, 1, -0, 0.973869681, 0, 0.227107644),
		["Fishman Guardian [Lv. 4150]"] = CFrame.new(1779.84155, 35.7863388, 295.48291, 0.353282869, -0, -0.935516536, 0, 1, -0, 0.935516536, 0, 0.353282869),
		["Tidal Warrior [Lv. 4450]"] = CFrame.new(-69.491478, 85.7819901, -8250.5918, 0.527286053, 0, 0.849687874, 0, 1, 0, -0.849687874, 0, 0.527286053),
		["Ripcurrent Raider [Lv. 4400]"] = CFrame.new(-727.171143, -0.25442481, -8676.30176, -0.985774636, 0, -0.168072283, 0, 1, 0, 0.168072283, 0, -0.985774636),
		["Abyssal Swordsman [Lv. 4750]"] = CFrame.new(-8249.53223, 178.978973, 234.335327, 0.589236498, -0, -0.807960689, 0, 1, -0, 0.807960689, 0, 0.589236498),
		["Jungle Gorilla [Lv. 4300]"] = CFrame.new(4301.4082, 45.8396301, 9286.09863, 0.264738023, 0, -0.964320362, 0, 1, 0, 0.964320362, 0, 0.264738023),
		["Dummy Regen"] = CFrame.new(2346.25317, 377.368469, 10580.1475, 0.472131133, 0, 0.881528318, 0, 1, 0, -0.881528318, 0, 0.472131133),
		["Jungle Ape [Lv. 4350]"] = CFrame.new(5294.69775, 46.0493813, 9550.98145, 0.00195235002, 0, -0.999998093, 0, 1, 0, 0.999998093, 0, 0.00195235002),
		["Cyborg Gorilla [Lv. 4375]"] = CFrame.new(5877.31689, 45.9800491, 9377.1377, -0.115598917, 0, 0.993295968, 0, 1, 0, -0.993295968, 0, -0.115598917),
		["Minion"] = CFrame.new(3926.98706, 46.1233559, 11016.6387, -0.927014589, 0, 0.375025213, 0, 1, 0, -0.375025213, 0, -0.927014589),
		["Boss"] = CFrame.new(3912.98706, 47.8118591, 10984.6387, -0.953941345, 0, -0.299993038, 0, 1, 0, 0.299993038, 0, -0.953941345),
		["Deepfire Combatant [Lv. 4550]"] = CFrame.new(-5075.45996, 23.1201668, -50.5900536, -0.999481618, 0, -0.0321939401, 0, 1, 0, 0.0321939401, 0, -0.999481618),
		["Inferno Diver [Lv. 4650]"] = CFrame.new(-5905.98584, 22.7747993, 439.847412, -0.0528740883, 0, -0.998601198, 0, 1, 0, 0.998601198, 0, -0.0528740883),
		["Electro Abyss Warrior [Lv. 4600]"] = CFrame.new(-5146.31592, 22.7747993, 1065.25537, 0.995012462, 0, 0.0997499526, 0, 1, 0, -0.0997499526, 0, 0.995012462),
		["Tempest Tidebreaker [Lv. 4700]"] = CFrame.new(-7406.17627, 42.5638351, 503.945374, 0.854742408, -0, -0.519052505, 0, 1, -0, 0.519052505, 0, 0.854742408),
		["Fishman King's Guard [Lv. 4250]"] = CFrame.new(1942.78271, 35.7138901, -251.114716, 0.671773016, 0, -0.740757287, 0, 1, 0, 0.740757287, 0, 0.671773016),
		["Lord of Saber [Lv. 8500]"] = CFrame.new(1541.40796, 289.019043, -1164.43665, 0, 0, -1, 0, 1, 0, 1, 0, 0),
		["The deep one [Lv. 4200]"] = CFrame.new(2929.89258, 35.7716904, 84.7306671, -0.369380146, 0, 0.929278553, 0, 1, 0, -0.929278553, 0, -0.369380146),
		["Deep Diver [Lv. 4000]"] = CFrame.new(1625.37769, 35.7500153, 989.33252, 0.312101781, 0, 0.950048685, 0, 1, 0, -0.950048685, 0, 0.312101781),
		["Deep one Villager [Lv. 4100]"] = CFrame.new(3338.16089, 203.650482, 848.167725, -0.449453235, 0, -0.893304229, 0, 1, 0, 0.893304229, 0, -0.449453235),
		["Fugitive [Lv. 4050]"] = CFrame.new(2838.67188, 35.9670029, 1114.6604, 0.585472524, 0, 0.810692251, 0, 1, 0, -0.810692251, 0, 0.585472524),
		["Jack o lantern [Lv. 10000]"] = CFrame.new(2758.08179, 81.05233, 5074.54834, -0.712657332, 0, 0.701512218, 0, 1, 0, -0.701512218, 0, -0.712657332),
	}
